ELEM_LIST Si

POT Si 6.0
SYM 26
2 6.0 0.003214 0.0 0.0 Si
2 6.0 0.035711 0.0 0.0 Si
2 6.0 0.071421 0.0 0.0 Si
2 6.0 0.124987 0.0 0.0 Si
2 6.0 0.214264 0.0 0.0 Si
2 6.0 0.357106 0.0 0.0 Si
2 6.0 0.714213 0.0 0.0 Si
2 6.0 1.428426 0.0 0.0 Si
4 6.0 0.000357 1.0 -1.0 Si Si
4 6.0 0.028569 1.0 -1.0 Si Si
4 6.0 0.089277 1.0 -1.0 Si Si
4 6.0 0.000357 2.0 -1.0 Si Si
4 6.0 0.028569 2.0 -1.0 Si Si
4 6.0 0.089277 2.0 -1.0 Si Si
4 6.0 0.000357 4.0 -1.0 Si Si
4 6.0 0.028569 4.0 -1.0 Si Si
4 6.0 0.089277 4.0 -1.0 Si Si
4 6.0 0.000357 1.0 1.0 Si Si
4 6.0 0.028569 1.0 1.0 Si Si
4 6.0 0.089277 1.0 1.0 Si Si
4 6.0 0.000357 2.0 1.0 Si Si
4 6.0 0.028569 2.0 1.0 Si Si
4 6.0 0.089277 2.0 1.0 Si Si
4 6.0 0.000357 4.0 1.0 Si Si
4 6.0 0.028569 4.0 1.0 Si Si
4 6.0 0.089277 4.0 1.0 Si Si
